Best:
408060000, 000000500, 600000000, 010507000, 000000043, 000200000, 000049080, 050000700, 000600000
15 values, 2 rounds, guesses 26,115/2,354,827
009600100, 300000008, 000000000, 000500920, 000080000, 000070000, 780000003, 000901060, 400000000
12 values, 3 rounds, guesses 51,377/46,794,518


050700000, 000000904, 000000600, 907000800, 600050000, 000300070, 030800020, 400060000, 000000000
4 values, 2 rounds, guesses 135070/544035
000004060, 006000008, 040007020, 190000000, 020008007, 050020003, 000600509, 900000000, 003079800
27 values, 5 rounds, guesses 243/35730
000502000, 600000090, 000008000, 042000000, 000090010, 080000000, 100600005, 000030708, 000000200
4 values, 2 rounds, guesses 6907386/31030903
000046000, 900000080, 000070000, 200000605, 050800000, 000000700, 097000000, 000500030, 406000000
4 values, 1 rounds, guesses 7542384/31419824
700000040, 000180000, 000000090, 050000208, 080000600, 000009000, 309700000, 000060500, 004000000
8 values, 2 rounds, guesses 365118/1275912
200064000, 000900700, 800050000, 090300000, 000000062, 000000084, 000700100, 000080000, 600000000
2 values, 1 rounds, guesses 176205/350437
367000000, 000900500, 000000000, 000030087, 400500000, 090000000, 908000400, 000076000, 000002000
2 values, 1 rounds, guesses 3676021/4634605
705000000, 000420000, 800000000, 500068000, 300000400, 000900600, 090600000, 000000057, 000000080
4 values, 2 rounds, guesses 4260822/11362752
270000009, 000400600, 008000000, 000020010, 084000000, 506000000, 000600800, 300070000, 090000000
11 values, 3 rounds, guesses 2201/5955
000000001, 000001000, 001000050, 000000003, 000200800, 203000000, 000102400, 060070002, 002008000
0 values, 0 rounds, guesses 3409/3409
060200000, 000090070, 050000400, 800000030, 000504000, 000600000, 200000905, 007080000, 000000600
2 values, 1 rounds, guesses 502825/812477
600009000, 080000500, 200300000, 050000408, 900600000, 000200700, 300000060, 000070000, 000040000
6 values, 2 rounds, guesses 81204/845390
000000000, 000000825, 476000000, 600029007, 003000000, 000500096, 007003000, 008050900, 020000048
6 values, 2 rounds, guesses 343566/791264
060900000, 500000020, 000060000, 000500906, 807000000, 000000400, 000007083, 002040000, 090000000
9 values, 5 rounds, guesses 358305/37252717

000070090, 792360840, 000098070, 904527600, 206184900, 100936004, 800643009, 469852030, 325719468
31 values, 4 rounds, guesses 0
211
000000000, 092060000, 000008070, 004507600, 000004900, 100030004, 800000009, 069000030, 300710000
14 values, 2 rounds, guesses 26593/319612
029804000, 001070000, 800001050, 050006039, 000705000, 190300060, 080900001, 000080700, 000507390
53 values, 5 rounds, guesses 0
1074
008006040, 500009700, 062000019, 000038000, 800901005, 000670000, 640000250, 009500006, 050800900
53 values, 6 rounds, guesses 0
516
060800302, 000070060, 700900018, 005340000, 600000003, 000097800, 240003007, 070060000, 109002030
53 values, 5 rounds, guesses 0
359
000000010, 060709000, 870450600, 000023704, 000905000, 609810000, 007092046, 000508020, 090000000
53 values, 7 rounds, guesses 0
970
405000086, 080000090, 000040200, 061200704, 000407000, 807006930, 006080000, 020000070, 790000608
53 values, 5 rounds, guesses 0
5552
047300009, 050000104, 900005000, 000080602, 520000081, 706090000, 000800006, 805000010, 100009570
53 values, 4 rounds, guesses 0
418
100000390, 000600000, 900008000, 000001000, 000000780, 307950600, 062800000, 050004000, 000007106
41 values, 5 rounds, guesses 18/397532
785000006, 000300058, 000080120, 020009003, 008000900, 600400010, 073020000, 150006000, 900000875
53 values, 7 rounds, guesses 0
10757
000100000, 590000046, 080700500, 000802000, 006000008, 000005600, 007000020, 639000000, 008004009
22 values, 4 rounds, guesses 2935/49807
900007260, 060410000, 021000000, 090706000, 500104006, 000905020, 000000980, 000048030, 084600005
53 values, 5 rounds, guesses 0
3302
052000010, 004026090, 186000003, 000907000, 069302184, 000018709, 008640907, 013270845, 090000000
44 values, 2 rounds, guesses 0
405
000007008, 050064190, 340912000, 000091260, 064508000, 700600900, 605430871, 839006000, 001000009
45 values, 2 rounds, guesses 0
72
000803000, 357000000, 002910506, 509684002, 060001450, 840025697, 005069003, 108000700, 600500009
44 values, 1 rounds, guesses 0
115
500700300, 040000090, 000200000, 603000000, 000090080, 700000000, 090380000, 200000706, 000000000
4 values, 2 rounds, guesses 6559803/12541826
000900800, 007020000, 500000000, 000800040, 006000007, 090000000, 480000900, 000670300, 000005000
6 values, 2 rounds, guesses 1911278/18115629
900000060, 020700000, 000000054, 000300700, 670000000, 500000000, 400059000, 008000300, 000060000
2 values, 1 rounds, guesses 870807/1414533
050700000, 000000904, 000000600, 907000800, 600050000, 000300070, 030800020, 400060000, 000000000
4 values, 2 rounds, 000003074, 800600000, 000000090, 060800200, 009000000, 000050000, 280000600, 000009100, 000070000
16 values, 4 rounds, guesses 32919/2024519
003000890, 900500000, 000007000, 800090200, 070600000, 000000000, 056000007, 000081400, 000000000
9 values, 2 rounds, guesses 79888/953861

015000000, 000300800, 090000000, 600400000, 000000790, 000000001, 800005020, 000070300, 000019000
0 values, 0 rounds, guesses 0
204980
015000000, 000300800, 090000000, 600400000, 000000790, 000000001, 800005020, 000070300, 000019000
4 values, 1 rounds, guesses 34125/204980
600040000, 090000000, 000005980, 005860071, 000010000, 000300009, 000500003, 007030410, 000027000
18 values, 3 rounds, guesses 4578/517705
000800200, 600000007, 050090000, 000400380, 700060000, 100000000, 002000096, 080300000, 000000000
9 values, 3 rounds, guesses 46319/1257546
000800200, 600000007, 050090000, 000400380, 700060000, 100000000, 002000096, 080300000, 000000000
9 values, 3 rounds, guesses 46319/1257546
000800200, 600000007, 050090000, 000400380, 700060000, 100000000, 002000096, 080300000, 000000000
000800200, 600000007, 050090000, 000400380, 700060000, 100000000, 002000096, 080300000, 000000000
000800200, 600000007, 050090000, 000400380, 700060000, 100000000, 002000096, 080300000, 000000000
9 values, 3 rounds, guesses 46319/1257546
000800200, 600000007, 050090000, 000400380, 700060000, 100000000, 002000096, 080300000, 000000000
9 values, 3 rounds, guesses 46319/1257546
000800200, 600000007, 050090000, 000400380, 700060000, 100000000, 002000096, 080300000, 000000000
9 values, 3 rounds, guesses 46319/1257546
300070500, 109800000, 200000000, 000060020, 064000000, 080000090, 000000607, 000900000, 000000400
8 values, 2 rounds, guesses 72336/5220082
015000000, 000300800, 090000000, 600400000, 000000790, 000000001, 800005020, 000070300, 000019000
4 values, 1 rounds, guesses 34125/204980
700000040, 000180000, 000000090, 050000208, 080000600, 000009000, 309700000, 000060500, 004000000
700000040, 000180000, 000000090, 050000208, 080000600, 000009000, 309700000, 000060500, 004000000
8 values, 2 rounds, 700000040, 000180000, 000000090, 050000208, 080000600, 000009000, 309700000, 000060500, 004000000
8 values, 2 rounds, guesses 365118/700000040, 000180000, 000000090, 050000208, 080000600, 000009000, 309700000, 000060500, 004000000
8 values, 2 rounds, guesses 365118/1275912
700000040, 000180000, 000000090, 050000208, 080000600, 000009000, 309700000, 000060500, 004000000
8 values, 2 rounds, guesses 365118/1275912
700000040, 000180000, 000000090, 050000208, 080000600, 000009000, 309700000, 000060500, 004000000
8 values, 2 rounds, guesses 365118/1275912
700000040, 000180000, 000000090, 050000208, 080000600, 000009000, 309700000, 000060500, 004000000
8 values, 2 rounds, guesses 365118/1275912
000004060, 006000008, 040007020, 190000000, 020008007, 050020003, 000600509, 900000000, 003079800
27 values, 5 rounds, guesses 243/35730
029804000, 001070000, 800001050, 050006039, 000705000, 190300060, 080900001, 000080700, 000507390
53 values, 5 rounds, guesses 0
1074
090304000, 700000600, 000000000, 000800200, 500070000, 600000100, 084000009, 000060050, 000000070
5 values, 1 rounds, guesses 3468635/18828494
090304000, 700000600, 000000000, 000800200, 500070000, 600000100, 084000009, 000060050, 000000070
5 values, 1 rounds, guesses 3468635/
000807000, 007190500, 000000060, 000030002, 600509000, 040000000, 500708003, 020000109, 008000020
15 values, 3 rounds, guesses 5570/233096
000807000, 007190500, 000000060, 000030002, 600509000, 040000000, 500708003, 020000109, 008000020
000807000, 007190500, 000000060, 000030002, 600509000, 040000000, 500708003, 020000109, 008000020
000807000, 007190500, 000000060, 000030002, 600509000, 040000000, 500708003, 020000109, 008000020
15 values, 3 rounds, guesses 5570/000807000, 007190500, 000000060, 000030002, 600509000, 040000000, 500708003, 020000109, 008000020
15 values, 3 rounds, guesses 5570/233096
000807000, 007190500, 000000060, 000030002, 600509000, 040000000, 500708003, 020000109, 008000020
15 values, 3 rounds, guesses 5570/233096
000807000, 007190500, 000000060, 000030002, 600509000, 040000000, 500708003, 020000109, 008000020
15 values, 3 rounds, guesses 5570/233096
000807000, 007190500, 000000060, 000030002, 600509000, 040000000, 500708003, 020000109, 008000020
15 values, 3 rounds, guesses 5570/233096
000807000, 007190500, 000000060, 000030002, 600509000, 040000000, 500708003, 020000109, 008000020
15 values, 3 rounds, guesses 5570/233096
000004060, 006000008, 040007020, 190000000, 020008007, 050020003, 000600509, 900000000, 003079800
27 values, 5 rounds, guesses 243/35730
100000390, 000600000, 900008000, 000001000, 000000780, 307950600, 062800000, 050004000, 000007106
41 values, 5 rounds, guesses 18/397532
100000390, 000600000, 900008000, 000001000, 000000780, 307950600, 062800000, 050004000, 000007106
41 values, 5 rounds, guesses 18/397532
700020000, 000000906, 000000800, 000908000, 800000030, 000600500, 059030000, 000004070, 060000000
3 values, 1 rounds, guesses 3007041/8209913
000000080, 007009500, 000451700, 090600002, 080010003, 075030000, 000500000, 000800006, 003000900
28 values, 5 rounds, guesses 441/37111
010000028, 600070000, 000000000, 009000340, 700208000, 000100000, 400060500, 000000900, 080000000
10 values, 2 rounds, guesses 55952/1157052
029804000, 001070000, 800001050, 050006039, 000705000, 190300060, 080900001, 000080700, 000507390
53 values, 5 rounds, guesses 0
1074
408060000, 000000500, 600000000, 010507000, 000000043, 000200000, 000049080, 050000700, 000600000
15 values, 2 rounds, guesses 26115/2354827
010000028, 600070000, 000000000, 009000340, 700208000, 000100000, 400060500, 000000900, 080000000
10 values, 2 rounds, guesses 55952/1157052
001000005, 000082000, 000006000, 300700000, 060000080, 000000200, 500970000, 000400800, 00000069
14 values, 3 rounds, guesses 164/9492777
001000005, 000082000, 000006000, 300700000, 060000080, 000000200, 500970000, 000400800, 000000690
23 values, 4 rounds, guesses 21032/6072150
029804000, 001070000, 800001050, 050006039, 000705000, 190300060, 080900001, 000080700, 000507390
53 values, 5 rounds, guesses 0
1074
300000800, 000700600, 000490000, 040910000, 508000300, 000000000, 020000090, 600008000, 000000070
9 values, 3 rounds, guesses 158549/1055973
100000300, 000900028, 500000000, 400080007, 000709000, 820000060, 000006500, 083210000, 070800000
10 values, 2 rounds, guesses 4805/117978
000080120, 090000400, 060300000, 000700096, 100000000, 000000050, 000607000, 400000800, 000500000
8 values, 2 rounds, guesses 352148/1655230
408060000, 000000500, 600000000, 010507000, 000000043, 000200000, 000049080, 050000700, 000600000
15 values, 2 rounds, guesses 26115/2354827
690000000, 000300800, 000100200, 400008005, 001000090, 000070060, 800000700, 000930000, 000000000
12 values, 5 rounds, guesses 29810/1360289
690000000, 000300800, 000100200, 400008005, 001000090, 000070060, 800000700, 000930000, 000000000
12 values, 5 rounds, guesses 29810/1360289
007002003, 000500080, 900000000, 800960000, 000800000, 000000700, 020007500, 000040900, 000000060
16 values, 4 rounds, guesses 23419/22295559
000040870, 069000000, 000000000, 000600039, 200070000, 400000000, 050908000, 700000200, 000300000
10 values, 2 rounds, guesses 109625/668515
000000650, 100700000, 000000800, 900005040, 070060000, 000038000, 000200009, 083000000, 006000000
4 values, 1 rounds, guesses 317927/1792230
200000590, 080700000, 000000000, 609000100, 000800000, 500000000, 000195000, 040000007, 000060080
11 values, 3 rounds, guesses 187060/9695593
003070005, 060000090, 000000048, 000030200, 800400000, 900000000, 000908000, 070000600, 000500000
4 values, 1 rounds, guesses 319472/500855
800900000, 000020700, 900000000, 006000100, 020500000, 000800000, 300400058, 070060000, 000000090
2 values, 1 rounds, guesses 5282513/6784147
000005000, 830000900, 560400070, 004020000, 000000800, 000006790, 700000000, 000680005, 283100000
28 values, 5 rounds, guesses 351/675850
408060000, 000000500, 600000000, 010507000, 000000043, 000200000, 000049080, 050000700, 000600000
15 values, 2 rounds, guesses 26115/2354827
009600100, 300000008, 000000000, 000500920, 000080000, 000070000, 780000003, 000901060, 400000000
12 values, 3 rounds, guesses 51377/46794518
408060000, 000000500, 600000000, 010507000, 000000043, 000200000, 000049080, 050000700, 000600000
15 values, 2 rounds, guesses 26115/2354827
000306090, 002000500, 000000000, 600070400, 090050000, 380000000, 005000207, 000800000, 000900000
15 values, 3 rounds, guesses 13075/1966551
709000000, 000080006, 000000030, 030060000, 000000107, 500000900, 400709000, 020000080, 000500000
2 values, 1 rounds, guesses 11321153/14207813
709000000, 000080006, 000000030, 030060000, 000000107, 500000900, 400709000, 020000080, 000500000
2 values, 1 rounds, guesses 11321153/14207813
060090000, 300000700, 500000000, 007000209, 800500000, 000000006, 000700050, 000008040, 029000000
17 values, 4 rounds, guesses 175152/7519877
603002700, 800000000, 000090000, 000800600, 010000040, 090000000, 005000002, 000400090, 700010000
7 values, 2 rounds, guesses 123168/378610
000080009, 407000000, 600000000, 000400630, 008070000, 090000000, 050003060, 200600000, 000000700
10 values, 2 rounds, guesses 209437/459439
080005001, 006040000, 000090000, 000800067, 900000000, 000100000, 500000290, 070300000, 000000400
10 values, 3 rounds, guesses 12283/5072490
000702000, 600000400, 009000000, 380500000, 000040600, 000000900, 500000072, 070000080, 000090000
7 values, 2 rounds, guesses 78634/948502
000370050, 009000000, 000000060, 560080000, 000400109, 700000000, 000901300, 280000000, 000000000
6 values, 2 rounds, guesses 45972/131730
000509000, 010000800, 060000000, 409000000, 000030010, 000000070, 800000905, 000200400, 000760000
3 values, 1 rounds, guesses 23674165/
408060000, 000000500, 600000000, 010507000, 000000043, 000200000, 000049080, 050000700, 000600000
15 values, 2 rounds, guesses 26115/2354827  

000509000, 010000800, 060000000, 409000000, 000030010, 000000070, 800000905, 000200400, 000760000
3 values, 1 rounds, guesses 23674165/57219924

080040106, 500000400, 000009000, 007000030, 000600500, 029000000, 000800070, 100000000, 000000090
8 values, 2 rounds, guesses 24525/310409
203080000, 800700000, 000000900, 060507000, 400000030, 000900000, 000000082, 050000600, 090000000
8 values, 1 rounds, guesses 255345/794837
006400000, 000000780, 050000000, 090300500, 200000904, 000600000, 700090000, 008000060, 000000003
8 values, 2 rounds, guesses 22352/3532743
000007809, 006030000, 020000000, 100908000, 000000320, 000500000, 780000000, 000060050, 900000000
2 values, 1 rounds, guesses 212412/385208
032700000, 000000809, 000000000, 050000620, 600040000, 000980000, 000305070, 800000400, 000000000
21 values, 6 rounds, guesses 7115/590694
009600000, 000001070, 000000000, 370000040, 000890000, 100000000, 000500908, 000020600, 420000000
8 values, 2 rounds, guesses 1999783/6567043
000090060, 800000500, 703000000, 020000004, 000800700, 060300000, 500708000, 000000090, 000000002
2 values, 1 rounds, guesses 1019572/1021510
809000000, 000040030, 000060000, 600907000, 000850000, 030000040, 000000709, 050200000, 000000800
2 values, 2 rounds, guesses 2771558/8159450
069000000, 000003400, 000080000, 040000067, 800020000, 000000059, 200700100, 000906000, 000000000
1 values, 1 rounds, guesses 449808/1256689
408060000, 000000500, 600000000, 010507000, 000000043, 000200000, 000049080, 050000700, 000600000
15 values, 2 rounds, guesses 26115/2354827
408060000, 000000500, 600000000, 010507000, 000000043, 000200000, 000049080, 050000700, 000600000
408060000, 000000500, 600000000, 010507000, 000000043, 000200000, 000049080, 050000700, 000600000
15 values, 2 rounds, 408060000, 000000500, 600000000, 010507000, 000000043, 000200000, 000049080, 050000700, 000600000
15 values, 2 rounds, 408060000, 000000500, 600000000, 010507000, 000000043, 000200000, 000049080, 050000700, 000600000
15 values, 2 rounds, 408060000, 000000500, 600000000, 010507000, 000000043, 000200000, 000049080, 050000700, 000600000
15 values, 2 rounds, guesses 26115/408060000, 000000500, 600000000, 010507000, 000000043, 000200000, 000049080, 050000700, 000600000
15 values, 2 rounds, guesses 26115/009600100, 300000008, 000000000, 000500920, 000080000, 000070000, 780000003, 000901060, 400000000
12 values, 3 rounds, guesses 51377/002300000, 000000085, 000007000, 004070300, 000950000, 000800000, 900006200, 850000000, 060000000
2 values, 2 rounds, 002300000, 000000085, 000007000, 004070300, 000950000, 000800000, 900006200, 850000000, 060000000
2 values, 2 rounds, guesses 1950930/4721175
000400300, 200001000, 800205001, 030007000, 670000003, 340010040, 000300000, 560023000, 000050002
15 values, 3 rounds, guesses 68/30676

000406800, 500090000, 300000700, 067000000, 000230000, 080000000, 900000050, 000000091, 000700000
3 values, 1 rounds, guesses 242444/447909
408060000, 000000500, 600000000, 010507000, 000000043, 000200000, 000049080, 050000700, 000600000
15 values, 2 rounds, guesses 26115/2354827
306000007, 000059080, 000000000, 080000250, 700300000, 000000900, 090080000, 400600000, 000005000
3 values, 1 rounds, guesses 753962/779462
